1;0;-5.1096458946222025;0.7474622367492404
2;0;-5.075935294950156;0.7468507879283468
3;0;-5.040985679529739;0.7462765948106276
4;0;-5.004826238371167;0.7457379006103332
5;0;-4.967488807249815;0.7452320397206145
6;0;-4.929008231506587;0.7447551261130452
7;0;-4.889422807322638;0.7443016481310001
8;0;-4.848774819708336;0.7438639365326337
9;0;-4.807111201710531;0.7434314298223219
10;0;-4.764484346053138;0.7429897250853713
11;0;-4.720953108893827;0.7425194364712011
12;0;-4.676584055868069;0.7419947130606459
13;0;-4.631453013179666;0.7413813470772573
14;0;-4.585647000772319;0.7406343839239555
15;0;-4.539266639087507;0.7396949614073786
16;0;-4.492429131904787;0.7384857556573834
17;0;-4.445271927462692;0.7369050940174338
18;0;-4.397957133383114;0.7348239535053394
19;0;-4.350676681003503;0.7320921976692167
20;0;-4.303658058291136;0.728555275230676
21;0;-4.257170097894217;0.7240838213085443
22;0;-4.211527759366805;0.7186253309583209
23;0;-4.167094083200697;0.7122879315566271
24;0;-4.124276704695485;0.7054594633497944
25;0;-4.083516030722389;0.6989525229360818
26;0;-4.045263288480908;0.6941796596039231
27;0;-4.009949857552434;0.6938361212151511
28;0;-3.9779539213535013;0.6992509558500397
29;0;-3.9495736965164627;0.7087698887102223
30;0;-3.9250149849484117;0.721149044125684
31;0;-3.9043943996165056;0.7352315927677328
32;0;-3.887752660794822;0.7501265665496568
33;0;-3.875069733018605;0.7653095860893497
34;0;-3.8662761502015526;0.780575257822961
35;0;-3.8612596294115433;0.7959004869960548
36;0;-3.859869529621804;0.8113058669434171
37;0;-3.8619223950146884;0.8267736340555861
38;0;-3.867210329188912;0.8422332119915945
39;0;-3.8755118182979706;0.8575902107263661
40;0;-3.8866031788206565;0.8727651874891313
41;0;-3.900268527146725;0.8877184777427845
42;0;-3.9163067631139103;0.9024529370156741
43;0;-3.93453495560725;0.9169978170141497
44;0;-3.954788288976466;0.9313821623973897
45;0;-3.9769172262119343;0.9456070721016031
46;0;-4.000782806747075;0.9596250675893466
47;0;-4.026251105853742;0.9733324603346282
48;0;-4.053187880076902;0.9865770475065678
49;0;-4.081454299945004;0.999179076555231
50;0;-4.110904409303495;1.010959469915926
51;0;-4.141384572927177;1.0217674026012262
52;0;-4.172734762720922;1.0315003246492622
53;0;-4.204791199950296;1.0401128071289023
54;0;-4.237389702540876;1.0476144766662474
55;0;-4.270369101258076;1.0540601266668868
56;0;-4.30357423889297;1.0595361066974414
57;0;-4.336858273422971;1.0641465630696165
58;0;-4.370084199043505;1.0680018128708317
59;0;-4.403125638142631;1.071209807557725
60;0;-4.435867034043835;1.0738706791986588
61;0;-4.468203399722077;1.0760738448787346
62;0;-4.500039769740073;1.0778969779928804
63;0;-4.5312904779911465;1.0794061971986906
64;0;-4.561878354258816;1.0806569564444577
65;0;-4.591733904888572;1.0816952685285701
66;0;-4.620794520009416;1.0825590239238796
67;0;-4.649003732416032;1.0832792644909066
68;0;-4.67631054090833;1.0838813392513298
69;0;-4.70266880262535;1.0843859125648312
70;0;-4.728036693686348;1.0848098206144254
71;0;-4.752376234388276;1.0851667858668579
72;0;-4.7756528736075605;1.085468005508477
73;0;-4.797835126403874;1.0857226317992765
74;0;-4.818894258762351;1.0859381618203892
75;0;-4.838804013690612;1.0861207524451435
76;0;-4.857540373347877;1.0862754742656433
77;0;-4.875081352420152;1.0864065160585747
78;0;-4.8914068185073685;1.0865173493793685
79;0;-4.906498335817813;1.0866108611200274
80;0;-4.920339028953457;1.0866894603756252
81;0;-4.9329134640091015;1.0867551647258034
82;0;-4.944207544596203;1.0868096700238443
83;0;-4.954208420740357;1.0868544069648056
84;0;-4.962904408894952;1.0868905870440853
85;0;-4.970284921564596;1.08691923998988
86;0;-4.976340405248503;1.0869412443318416
87;0;-4.981062285598013;1.0869573524332665
88;0;-4.984442918839596;1.0869682110479284
89;0;-4.986475548648917;1.0869743782509307
90;0;-4.98715426777585;1.0869763374246806
91;0;-4.9864739838171195;1.0869745088473637
92;0;-4.98443038861698;1.0869692593244829
93;0;-4.981019930846721;1.0869609102191267
94;0;-4.976239791374703;1.086949744168551
95;0;-4.9700878610901835;1.0869360107203028
96;0;-4.962562720889391;1.086919931077415
97;0;-4.9536636235695335;1.0869017021072727
98;0;-4.943390477410601;1.0868814997401794
99;0;-4.931743831252122;1.0868594818612278
100;0;-4.9187248608975445;1.086835790780318
101;0;-4.904335356699572;1.0868105553502896
102;0;-4.888577712198934;1.0867838927910642
103;0;-4.87145491370466;1.0867559102675974
104;0;-4.852970530718677;1.0867267062615384
105;0;-4.8331287071196325;1.0866963717697427
106;0;-4.811934153031702;1.086664991357493
107;0;-4.789392137314569;1.086632644089721
108;0;-4.765508480618257;1.086599404359972
109;0;-4.7402895489553485;1.086565342633887
110;0;-4.713742247749609;1.0865305261214246
111;0;-4.68587401632608;1.0864950193902392
112;0;-4.6566928228142475;1.0864588849308572
113;0;-4.626207159440537;1.0864221836831989
114;0;-4.594426038191924;1.0863849755330002
115;0;-4.561358986836801;1.0863473197859435
116;0;-4.527016045294326;1.0863092756270993
117;0;-4.491407762347456;1.0862709025730368
118;0;-4.454545192699494;1.0862322609244255
119;0;-4.41643989437871;1.0861934122273773
120;0;-4.377103926499856;1.086154419753271
121;0;-4.336549847396482;1.086115349008318
122;0;-4.294790713143051;1.086076268287216
123;0;-4.251840076491496;1.0860372492888843
124;0;-4.20771198625332;1.0859983678181375
125;0;-4.162420987164945;1.08595970460509
126;0;-4.115982120282245;1.085921346285334
127;0;-4.068410923959852;1.0858833866001742
128;0;-4.019723435480861;1.0858459278990347
129;0;-3.9699361934166917;1.0858090830588507
130;0;-3.919066240811549;1.0857729779826504
131;0;-3.8671311293061166;1.0857377549075375
132;0;-3.814148924338425;1.085703576852296
133;0;-3.7601382115901933;1.085670633681229
134;0;-3.7051181048855133;1.0856391504785599
135;0;-3.6491082557985473;1.0856093992539393
136;0;-3.5921288652919876;1.085581715493553
137;0;-3.5342006977962055;1.0855565218286858
138;0;-3.4753450982570864;1.085534362269113
139;0;-3.4155840128452604;1.0855159522999855
140;0;-3.3549400142497925;1.0855022531017473
141;0;-3.293436332811054;1.085494582970961
142;0;-3.231096895233005;1.0854947870130813
143;0;-3.1679463733421467;1.085505499724984
144;0;-3.1040102464772636;1.0855305586023736
145;0;-3.0393148828533314;1.0855756688530884
146;0;-2.9738876480995606;1.0856494964478955
147;0;-2.907757053959922;1.0857655137146114
148;0;-2.8409529684780064;1.0859452132573122
149;0;-2.773506924119699;1.0862239124416453
150;0;-2.7054525891709362;1.0866617045952947
151;0;-2.6368265262902737;1.0873652506689504
152;0;-2.5676694898335484;1.088534117537842
153;0;-2.4980288197644107;1.0905680567525822
154;0;-2.4279633216674092;1.09434511439065
155;0;-2.3575547163949375;1.102067140458883
156;0;-2.286940476471673;1.1205661253796704
157;0;-2.2172565114860165;1.5704648299276984
158;0;-2.1651069823251397;1.4043429751506924
159;0;-2.1173642197775977;1.3612290002972642
160;0;-2.0824209896042722;1.680882140995404
161;0;-2.059277614288826;1.589353439060973
162;0;-2.038048636892793;1.5047892935714058
163;0;-2.016266424906737;1.2884559338144745
164;0;-2.010443641530853;1.8848093170581894
165;0;-2.0224136368241172;1.6889387695028109
166;0;-2.0621815554219944;0.7105634660396367
167;0;-2.1162116163121225;0.9035357143511379
168;0;-2.169705645891364;0.969969218314473
169;0;-2.2222193924454277;1.0384832511214865
170;0;-2.2739722924635952;1.048891796722124
171;0;-2.3249798945241285;1.0385813647621978
172;0;-2.3752641348112595;0.9561136308645293
173;0;-2.424804903799317;0.9120714514886047
174;0;-2.4735994208591663;0.8771439543273682
175;0;-2.5216390075651978;0.805087347462451
176;0;-2.568906403818222;0.749728580716438
177;0;-2.6153898063649845;0.6947952127294503
178;0;-2.661075147571757;0.6377205166241853
179;0;-2.705949799243089;0.5839375173460484
180;0;-2.749999832498715;0.5319831092682978
181;0;-2.793212118942268;0.4752695095307887
182;0;-2.835573487495679;0.42553949638466165
183;0;-2.877071097624419;0.39309282238076687
184;0;-2.9176923155979364;0.37883980119721433
185;0;-2.95742477295206;0.3693531068365419
186;0;-2.996256368398403;0.3725559096155315
187;0;-3.034175274410627;0.36581892844298863
188;0;-3.0711699408882365;0.35358770793697747
189;0;-3.1072290988552504;0.3448155704031798
190;0;-3.1423417647567105;0.3373848894626523
191;0;-3.1764972427876232;0.3304667147253133
192;0;-3.209685128981758;0.3226298875251253
193;0;-3.2418953139673987;0.3149723555111868
194;0;-3.27311798623039;0.3079629944455716
195;0;-3.303343635031612;0.3017556498171288
196;0;-3.3325630533621764;0.2945493144399134
197;0;-3.3607673406989935;0.2838284770974848
198;0;-3.3879479057450723;0.2722354147061897
199;0;-3.41409646903835;0.2589730087442762
200;0;-3.439205065474032;0.2527755670114831
201;0;-3.463266046729654;0.24678116353428559
202;0;-3.486272083598003;0.2377516005046532
203;0;-3.5082161682171327;0.23070039280418256
204;0;-3.5290916162064727;0.22392882658613888
205;0;-3.548892068702444;0.21740073111391284
206;0;-3.5676114942953565;0.21004192600872765
207;0;-3.5852441908668418;0.20282856989804515
208;0;-3.6017847873267623;0.19693561114254454
209;0;-3.61722824524918;0.19126235134098063
210;0;-3.631569860407196;0.18493659953743397
211;0;-3.6448052642059454;0.17768552355995926
212;0;-3.6569304250131767;0.16995146359235905
213;0;-3.6679416493874855;0.16185540068819224
214;0;-3.6778355832032257;0.15367349115202578
215;0;-3.6866092126723355;0.14588449752347896
216;0;-3.694259865262288;0.1388402193667669
217;0;-3.700785210510179;0.13256000503881907
218;0;-3.7061832607326277;0.12697585046616672
219;0;-3.7104523716312716;0.12190211047896754
220;0;-3.713591242793547;0.11717087517650185
221;0;-3.7155989180888875;0.11272529393670634
222;0;-3.7164747859599734;0.10857991048191805
223;0;-3.716218579608973;0.10479574915216598
224;0;-3.714830377078783;0.10130959385455082
225;0;-3.712310601229373;0.09806101868819497
226;0;-3.708660019608869;0.09533293342993107
227;0;-3.703879744219797;0.0929076651741296
228;0;-3.697971231180352;0.09062980663939423
229;0;-3.690936280280827;0.08866641321715919
230;0;-3.6827770344354303;0.08716191736355816
231;0;-3.673495979029485;0.08610832238742348
232;0;-3.6630959411623665;0.08537393656510135
233;0;-3.651580088786364;0.08493690047880104
234;0;-3.638951929741666;0.08478578052852814
235;0;-3.625215310687856;0.08491460107820241
236;0;-3.610374415932162;0.08532192168408673
237;0;-3.5944337661548826;0.08586027842125171
238;0;-3.577398217032378;0.08651427094307457
239;0;-3.5592729577579263;0.08728033795287848
240;0;-3.540063509461101;0.08810315187267496
241;0;-3.519775723525916;0.08897675190355325
242;0;-3.4984157798085116;0.09001020202487295
243;0;-3.4759901847546764;0.09143547004583504
244;0;-3.4525057694178805;0.09364185006276422
245;0;-3.4279696873785532;0.0970162932694812
246;0;-3.4023894125649607;0.10168903400209424
247;0;-3.3757727369766055;0.1075824506745798
248;0;-3.348127768310732;0.11434744613539864
249;0;-3.319462927492577;0.12181114650970247
250;0;-3.2897869461103566;0.13004098352595195
251;0;-3.259108863755472;0.13940313701230406
252;0;-3.227438025268981;0.15003705023332253
253;0;-3.1947840778951155;0.16232049538772725
254;0;-3.161156968342542;0.17644360066653228
255;0;-3.126566939754597;0.19264924392430016
256;0;-3.0910245285890774;0.2107947224732743
257;0;-3.054540561408716;0.23044091273907777
258;0;-3.0171261515833505;0.25037460627723074
259;0;-2.9787926959046587;0.27035785022086
260;0;-2.939551871114576;0.2906672891526548
261;0;-2.8994156303484786;0.3117727517732163
262;0;-2.8583961994941127;0.33475655348472555
263;0;-2.8165060734674556;0.35808535893673343
264;0;-2.7737580124067267;0.38276663835130537
265;0;-2.7301650377854223;0.4097672638255146
266;0;-2.685740428445899;0.43460375407852336
267;0;-2.6404977165540844;0.45355815223328894
268;0;-2.5944506831042315;0.5013339885158581
269;0;-2.5476124084970793;0.5742321968160298
270;0;-2.4999999999999956;1.7365443024841039
271;0;-2.5617409440648875;1.1179513265509893
272;0;-2.6261350532936585;1.2006733697501384
273;0;-2.698598181769631;1.3782540485345687
274;0;-2.76675306985689;1.3264966080063263
275;0;-2.835443796126748;1.2813904231407651
276;0;-2.904484129494851;1.2417483751894016
277;0;-2.9737184631644635;1.2066374042590222
278;0;-3.0430142732659506;1.175332944600042
279;0;-3.1122567130008942;1.1472613978425745
280;0;-3.181344829892702;1.1219610021517172
281;0;-3.250188833804744;1.0990546468407167
282;0;-3.318708067760552;1.0782305678738013
283;0;-3.3868294636190273;1.059228332621429
284;0;-3.454486341977748;1.0418284469447843
285;0;-3.521617462907543;1.025844496605267
286;0;-3.588166263754361;1.011117099904581
287;0;-3.654080239336111;0.9975091813897958
288;0;-3.719310432481153;0.9849022275300237
289;0;-3.783811011404819;0.9731932850185759
290;0;-3.847538916348979;0.9622925294651787
291;0;-3.910453562112671;0.9521212782664218
292;0;-3.9725165861406193;0.9426103536059088
293;0;-4.033691634075757;0.9336987244254064
294;0;-4.093944176359879;0.9253323727822076
295;0;-4.153241350741961;0.9174633422034524
296;0;-4.21155182653734;0.9100489347561003
297;0;-4.268845687248582;0.9030510304460379
298;0;-4.3250943287642585;0.8964355078437398
299;0;-4.380270370833585;0.8901717489281178
300;0;-4.434347579902482;0.8842322143445682
301;0;-4.487300801709991;0.878592077803214
302;0;-4.539105902299401;0.873228910357399
303;0;-4.589739716308684;0.8681224069171878
304;0;-4.639180001576923;0.8632541486556649
305;0;-4.687405399247999;0.8586073960238372
306;0;-4.734395398672033;0.8541669079532112
307;0;-4.780130306505119;0.8499187835335272
308;0;-4.824591219493065;0.8458503230365167
309;0;-4.867760000495072;0.8419499056395118
310;0;-4.909619257364982;0.8382068816038605
311;0;-4.950152324357821;0.8346114769976318
312;0;-4.989343245774843;0.8311547093319852
313;0;-5.027176761596909;0.8278283127159374
314;0;-5.063638294888901;0.8246246713321751
315;0;-5.098713940786497;0.8215367602042484
316;0;-5.132390456900049;0.818558092367346
317;0;-5.164655254992584;0.8156826716755863
318;0;-5.195496393806829;0.8129049505815874
319;0;-5.224902572933048;0.8102197923119518
320;0;-5.252863127623738;0.8076224369375238
321;0;-5.279368024474178;0.8051084709018173
322;0;-5.304407857899616;0.8026737996265578
323;0;-5.327973847350059;0.8003146228611638
324;0;-5.350057835213535;0.7980274124843292
325;0;-5.3706522853671315;0.7958088925015843
326;0;-5.389750282343964;0.7936560210138597
327;0;-5.407345531091075;0.7915659739588858
328;0;-5.423432357301751;0.7895361304506902
329;0;-5.438005708312365;0.7875640595628495
330;0;-5.4510611545611924;0.7856475084187069
331;0;-5.462594891614089;0.7837843914652621
332;0;-5.472603742768989;0.7819727808351206
333;0;-5.48108516225952;0.7802108976609923
334;0;-5.488037239085422;0.7784971043191613
335;0;-5.493458701506936;0.7768298974610527
336;0;-5.497348922249587;0.7752079018040658
337;0;-5.499707924476332;0.7736298646054703
338;0;-5.5005363885958865;0.7720946507534712
339;0;-5.499835659989144;0.7706012384077985
340;0;-5.497607757750879;0.7691487151278938
341;0;-5.49385538456052;0.7677362744281125
342;0;-5.488581937816503;0.7663632126963261
343;0;-5.481791522190634;0.7650289264121364
344;0;-5.473488963786261;0.7637329095929254
345;0;-5.4636798261150865;0.7624747513676883
346;0;-5.45237042814485;0.7612541335574214
347;0;-5.439567864712992;0.7600708281262051
348;0;-5.425280029653845;0.758924694333911
349;0;-5.4095156420492385;0.7578156753899525
350;0;-5.392284276085792;0.7567437943203346
351;0;-5.373596395092939;0.7557091487339864
352;0;-5.353463390443437;0.7547119040256518
353;0;-5.331897626129756;0.7537522844776511
354;0;-5.308912489991822;0.7528305615194063
355;0;-5.2845224527668675;0.7519470382240322
356;0;-5.258743136377576;0.751102028824301
357;0;-5.231591393172855;0.7502958316767195
358;0;-5.203085398211655;0.7495286936251522
359;0;-5.173244757145318;0.7488007630905266
360;0;-5.142090632840526;0.7481120283947493
